>GATGATGYAA	GATGATGYAA	8.446513	-303.926179	0	T:229.0(15.95%),B:4324.0(1.90%),P:1e-131
0.123	0.108	0.668	0.101
0.597	0.303	0.093	0.007
0.007	0.025	0.005	0.963
0.010	0.023	0.954	0.013
0.941	0.010	0.024	0.025
0.031	0.093	0.024	0.852
0.008	0.007	0.956	0.029
0.114	0.427	0.006	0.453
0.727	0.244	0.023	0.006
0.920	0.014	0.035	0.031
>ACATGTCCGG	ACATGTCCGG	7.691130	-107.817745	0	T:167.0(11.63%),B:7003.6(3.08%),P:1e-46
0.795	0.016	0.188	0.001
0.017	0.962	0.001	0.020
0.882	0.040	0.017	0.061
0.098	0.001	0.059	0.842
0.024	0.051	0.898	0.027
0.040	0.342	0.001	0.617
0.031	0.921	0.004	0.044
0.051	0.669	0.001	0.279
0.330	0.004	0.565	0.101
0.061	0.031	0.851	0.057
>TGACGTCATC	TGACGTCATC	8.274345	-54.941503	0	T:67.0(4.67%),B:2247.0(0.99%),P:1e-23
0.052	0.041	0.057	0.850
0.012	0.034	0.766	0.188
0.856	0.052	0.036	0.056
0.014	0.786	0.112	0.088
0.046	0.115	0.738	0.101
0.042	0.059	0.062	0.837
0.122	0.799	0.047	0.032
0.895	0.025	0.041	0.039
0.032	0.088	0.051	0.829
0.089	0.650	0.095	0.166
>NGATGAGTCA	NGATGAGTCA	7.140282	-38.835052	0	T:85.0(5.92%),B:4625.5(2.03%),P:1e-16
0.219	0.306	0.270	0.205
0.167	0.164	0.472	0.197
0.450	0.221	0.206	0.124
0.070	0.083	0.130	0.717
0.106	0.092	0.660	0.142
0.708	0.055	0.120	0.117
0.045	0.292	0.489	0.174
0.066	0.137	0.116	0.681
0.093	0.745	0.081	0.081
0.677	0.043	0.160	0.120
>AAGATGGCGG	AAGATGGCGG	7.946079	-68.663803	0	T:79.0(5.50%),B:2485.2(1.09%),P:1e-29
0.827	0.074	0.062	0.037
0.803	0.043	0.038	0.116
0.291	0.107	0.562	0.040
0.830	0.037	0.037	0.096
0.043	0.058	0.032	0.867
0.020	0.001	0.910	0.069
0.045	0.062	0.854	0.039
0.043	0.832	0.022	0.103
0.021	0.116	0.746	0.117
0.052	0.056	0.777	0.115
>TCSATKTCCG	TCSATKTCCG	10.150026	-13.779635	0	T:5.0(0.35%),B:27.7(0.01%),P:1e-5
0.001	0.001	0.001	0.997
0.001	0.997	0.001	0.001
0.001	0.479	0.519	0.001
0.913	0.001	0.085	0.001
0.001	0.001	0.001	0.997
0.001	0.001	0.433	0.565
0.001	0.001	0.001	0.997
0.001	0.997	0.001	0.001
0.001	0.997	0.001	0.001
0.001	0.001	0.997	0.001
>GTTCGCTCCC	GTTCGCTCCC	10.296193	-3.975444	0	T:1.0(0.07%),B:3.6(0.00%),P:1e-1
0.100	0.100	0.700	0.100
0.100	0.100	0.100	0.700
0.100	0.100	0.100	0.700
0.100	0.700	0.100	0.100
0.100	0.100	0.700	0.100
0.100	0.700	0.100	0.100
0.100	0.100	0.100	0.700
0.100	0.700	0.100	0.100
0.100	0.700	0.100	0.100
0.100	0.700	0.100	0.100
>GGMCATGTTS	GGMCATGTTS	6.048071	-35.786521	0	T:115.0(8.01%),B:7832.8(3.45%),P:1e-15
0.229	0.003	0.602	0.166
0.124	0.086	0.718	0.072
0.389	0.289	0.203	0.119
0.140	0.482	0.214	0.164
0.474	0.320	0.001	0.206
0.263	0.070	0.107	0.560
0.108	0.164	0.496	0.232
0.063	0.210	0.084	0.643
0.198	0.053	0.055	0.694
0.084	0.412	0.300	0.204
>TCACGKTGGN	TCACGKTGGN	8.378239	-26.492874	0	T:22.0(1.53%),B:495.9(0.22%),P:1e-11
0.328	0.002	0.109	0.561
0.089	0.827	0.001	0.083
0.851	0.001	0.001	0.147
0.001	0.997	0.001	0.001
0.001	0.001	0.959	0.039
0.138	0.182	0.297	0.384
0.132	0.268	0.147	0.453
0.238	0.148	0.534	0.080
0.001	0.128	0.870	0.001
0.205	0.262	0.287	0.246
>AGGCAAGCCC	AGGCAAGCCC	10.385298	-22.881994	0	T:24.0(1.67%),B:721.2(0.32%),P:1e-9
0.997	0.001	0.001	0.001
0.001	0.001	0.965	0.033
0.001	0.001	0.997	0.001
0.001	0.944	0.001	0.054
0.997	0.001	0.001	0.001
0.782	0.001	0.178	0.039
0.001	0.001	0.997	0.001
0.001	0.885	0.001	0.113
0.001	0.997	0.001	0.001
0.001	0.997	0.001	0.001
