>GATGATGCAA	GATGATGCAA	8.637649	-235.151875	0	T:126.0(9.90%),B:1485.2(0.65%),P:1e-102
0.037	0.004	0.918	0.041
0.790	0.153	0.056	0.001
0.001	0.001	0.001	0.997
0.004	0.001	0.992	0.003
0.997	0.001	0.001	0.001
0.001	0.087	0.001	0.911
0.001	0.001	0.985	0.013
0.057	0.753	0.001	0.189
0.997	0.001	0.001	0.001
0.996	0.001	0.002	0.001
>GACATGCCCR	GACATGCCCR	7.375988	-171.277770	0	T:202.0(15.87%),B:7601.7(3.30%),P:1e-74
0.108	0.013	0.688	0.191
0.576	0.038	0.290	0.096
0.001	0.997	0.001	0.001
0.704	0.033	0.066	0.197
0.279	0.020	0.032	0.669
0.001	0.001	0.997	0.001
0.012	0.586	0.001	0.401
0.088	0.826	0.026	0.060
0.060	0.574	0.038	0.328
0.354	0.124	0.351	0.171
>NRTGACGTCA	NRTGACGTCA	6.809246	-43.603158	0	T:92.0(7.23%),B:5584.6(2.43%),P:1e-18
0.279	0.153	0.280	0.288
0.561	0.001	0.437	0.001
0.050	0.001	0.001	0.948
0.249	0.059	0.448	0.244
0.503	0.034	0.184	0.279
0.179	0.397	0.184	0.240
0.314	0.081	0.473	0.132
0.001	0.142	0.001	0.856
0.312	0.686	0.001	0.001
0.633	0.001	0.004	0.362
>AARATGGCGG	AARATGGCGG	6.367950	-66.265088	0	T:72.0(5.66%),B:2440.5(1.06%),P:1e-28
0.532	0.175	0.153	0.140
0.620	0.085	0.048	0.247
0.346	0.172	0.360	0.123
0.513	0.124	0.135	0.228
0.119	0.193	0.144	0.544
0.087	0.038	0.685	0.190
0.142	0.229	0.529	0.100
0.130	0.674	0.073	0.123
0.023	0.124	0.695	0.158
0.132	0.120	0.583	0.165
>TCGGTTTCCG	TCGGTTTCCG	10.296193	-4.509820	0	T:1.0(0.08%),B:2.3(0.00%),P:1e-1
0.100	0.100	0.100	0.700
0.100	0.700	0.100	0.100
0.100	0.100	0.700	0.100
0.100	0.100	0.700	0.100
0.100	0.100	0.100	0.700
0.100	0.100	0.100	0.700
0.100	0.100	0.100	0.700
0.100	0.700	0.100	0.100
0.100	0.700	0.100	0.100
0.100	0.100	0.700	0.100
>RGACWTGTTC	RGACWTGTTC	7.201730	-47.730252	0	T:141.0(11.08%),B:10521.1(4.57%),P:1e-20
0.313	0.121	0.370	0.195
0.185	0.092	0.721	0.002
0.668	0.048	0.218	0.066
0.001	0.688	0.264	0.047
0.374	0.203	0.072	0.352
0.178	0.001	0.001	0.820
0.039	0.059	0.858	0.044
0.044	0.001	0.001	0.954
0.064	0.002	0.203	0.731
0.004	0.841	0.087	0.068
